# Created by Octave 4.4.1, Sun Apr 05 17:42:37 2020 GMT <unknown@DESKTOP-P9O646S>
# name: Y
# type: matrix
# rows: 1
# columns: 3
 1 2 3


